

 OVERLAP MATRIX

                                1            2            3            4
     1    1  C     1s        1.000000     0.750145     0.451551     0.246336
     2    1  C     1s        0.750145     1.000000     0.836569     0.541965
     3    1  C     1s        0.451551     0.836569     1.000000     0.852885
     4    1  C     1s        0.246336     0.541965     0.852885     1.000000
     5    1  C     1s        0.098891     0.239455     0.458914     0.749356
     6    1  C     1s        0.047770     0.118599     0.240969     0.445683
     7    1  C     1s        0.023431     0.058719     0.122048     0.237989
     8    1  C     1py       0.000000     0.000000     0.000000     0.000000
     9    1  C     1pz       0.000000     0.000000     0.000000     0.000000
    10    1  C     1px       0.000000     0.000000     0.000000     0.000000
    11    1  C     1py       0.000000     0.000000     0.000000     0.000000
    12    1  C     1pz       0.000000     0.000000     0.000000     0.000000
    13    1  C     1px       0.000000     0.000000     0.000000     0.000000
    14    1  C     1py       0.000000     0.000000     0.000000     0.000000
    15    1  C     1pz       0.000000     0.000000     0.000000     0.000000
    16    1  C     1px       0.000000     0.000000     0.000000     0.000000
    17    1  C     1py       0.000000     0.000000     0.000000     0.000000
    18    1  C     1pz       0.000000     0.000000     0.000000     0.000000
    19    1  C     1px       0.000000     0.000000     0.000000     0.000000
    20    1  C     1py       0.000000     0.000000     0.000000     0.000000
    21    1  C     1pz       0.000000     0.000000     0.000000     0.000000
    22    1  C     1px       0.000000     0.000000     0.000000     0.000000
    23    1  C     1py       0.000000     0.000000     0.000000     0.000000
    24    1  C     1pz       0.000000     0.000000     0.000000     0.000000
    25    1  C     1px       0.000000     0.000000     0.000000     0.000000
    26    1  C     1d-2      0.000000     0.000000     0.000000     0.000000
    27    1  C     1d-1      0.000000     0.000000     0.000000     0.000000
    28    1  C     1d0      -0.000000     0.000000    -0.000000    -0.000000
    29    1  C     1d+1      0.000000     0.000000     0.000000     0.000000
    30    1  C     1d+2     -0.000000     0.000000     0.000000     0.000000
    31    1  C     1d-2      0.000000     0.000000     0.000000     0.000000
    32    1  C     1d-1      0.000000     0.000000     0.000000     0.000000
    33    1  C     1d0       0.000000    -0.000000    -0.000000     0.000000
    34    1  C     1d+1      0.000000     0.000000     0.000000     0.000000
    35    1  C     1d+2     -0.000000    -0.000000     0.000000    -0.000000

    36    2  O     1s        0.000000     0.000000     0.000000     0.000004
    37    2  O     1s        0.000000     0.000000     0.000000     0.000016
    38    2  O     1s        0.000000     0.000000     0.000000     0.000082
    39    2  O     1s        0.000000     0.000000     0.000007     0.000743
    40    2  O     1s        0.000565     0.001742     0.005541     0.021534
    41    2  O     1s        0.009211     0.023494     0.050803     0.106949
    42    2  O     1s        0.016719     0.041932     0.087316     0.170914
    43    2  O     1py       0.000000     0.000000     0.000000     0.000004
    44    2  O     1pz       0.000000     0.000000     0.000000     0.000068
    45    2  O     1px       0.000000     0.000000    -0.000000    -0.000006
    46    2  O     1py       0.000000     0.000000     0.000000     0.000073
    47    2  O     1pz       0.000000     0.000000     0.000008     0.001227
    48    2  O     1px       0.000000    -0.000000    -0.000001    -0.000110
    49    2  O     1py       0.000008     0.000033     0.000180     0.001200
    50    2  O     1pz       0.000134     0.000563     0.003028     0.020173
    51    2  O     1px      -0.000012    -0.000051    -0.000272    -0.001813
    52    2  O     1py       0.000631     0.001655     0.003773     0.008408
    53    2  O     1pz       0.010610     0.027832     0.063438     0.141396
    54    2  O     1px      -0.000954    -0.002502    -0.005702    -0.012710
    55    2  O     1py       0.001907     0.004743     0.009665     0.017908
    56    2  O     1pz       0.032072     0.079755     0.162526     0.301137
    57    2  O     1px      -0.002883    -0.007169    -0.014609    -0.027069
    58    2  O     1py       0.001506     0.003758     0.007725     0.014661
    59    2  O     1pz       0.025332     0.063199     0.129903     0.246535
    60    2  O     1px      -0.002277    -0.005681    -0.011677    -0.022161
    61    2  O     1d-2     -0.000423    -0.001037    -0.002041    -0.003490
    62    2  O     1d-1      0.004704     0.011533     0.022708     0.038827
    63    2  O     1d0       0.045400     0.111317     0.219185     0.374769
    64    2  O     1d+1     -0.007110    -0.017432    -0.034324    -0.058689
    65    2  O     1d+2      0.000180     0.000441     0.000867     0.001483
    66    2  O     1d-2     -0.000044    -0.000128    -0.000348    -0.000922
    67    2  O     1d-1      0.000492     0.001426     0.003870     0.010253
    68    2  O     1d0       0.004750     0.013766     0.037350     0.098968
    69    2  O     1d+1     -0.000744    -0.002156    -0.005849    -0.015498
    70    2  O     1d+2      0.000019     0.000054     0.000148     0.000392

                                5            6            7            8
     1    1  C     1s        0.098891     0.047770     0.023431     0.000000
     2    1  C     1s        0.239455     0.118599     0.058719     0.000000
     3    1  C     1s        0.458914     0.240969     0.122048     0.000000
     4    1  C     1s        0.749356     0.445683     0.237989     0.000000
     5    1  C     1s        1.000000     0.839194     0.539274     0.000000
     6    1  C     1s        0.839194     1.000000     0.847828     0.000000
     7    1  C     1s        0.539274     0.847828     1.000000     0.000000
     8    1  C     1py       0.000000     0.000000     0.000000     1.000000
     9    1  C     1pz       0.000000     0.000000     0.000000     0.000000
    10    1  C     1px       0.000000     0.000000     0.000000     0.000000
    11    1  C     1py       0.000000     0.000000     0.000000     0.635982
    12    1  C     1pz       0.000000     0.000000     0.000000     0.000000
    13    1  C     1px       0.000000     0.000000     0.000000     0.000000
    14    1  C     1py       0.000000     0.000000     0.000000     0.268692
    15    1  C     1pz       0.000000     0.000000     0.000000     0.000000
    16    1  C     1px       0.000000     0.000000     0.000000     0.000000
    17    1  C     1py       0.000000     0.000000     0.000000     0.098827
    18    1  C     1pz       0.000000     0.000000     0.000000     0.000000
    19    1  C     1px       0.000000     0.000000     0.000000     0.000000
    20    1  C     1py       0.000000     0.000000     0.000000     0.034500
    21    1  C     1pz       0.000000     0.000000     0.000000     0.000000
    22    1  C     1px       0.000000     0.000000     0.000000     0.000000
    23    1  C     1py       0.000000     0.000000     0.000000     0.011512
    24    1  C     1pz       0.000000     0.000000     0.000000     0.000000
    25    1  C     1px       0.000000     0.000000     0.000000     0.000000
    26    1  C     1d-2      0.000000     0.000000     0.000000     0.000000
    27    1  C     1d-1      0.000000     0.000000     0.000000     0.000000
    28    1  C     1d0      -0.000000     0.000000    -0.000000     0.000000
    29    1  C     1d+1      0.000000     0.000000     0.000000     0.000000
    30    1  C     1d+2      0.000000     0.000000     0.000000     0.000000
    31    1  C     1d-2      0.000000     0.000000     0.000000     0.000000
    32    1  C     1d-1      0.000000     0.000000     0.000000     0.000000
    33    1  C     1d0      -0.000000     0.000000     0.000000     0.000000
    34    1  C     1d+1      0.000000     0.000000     0.000000     0.000000
    35    1  C     1d+2      0.000000    -0.000000    -0.000000     0.000000

    36    2  O     1s        0.003122     0.009710     0.009458     0.000000
    37    2  O     1s        0.008014     0.024360     0.023723     0.000000
    38    2  O     1s        0.017660     0.050895     0.049551    -0.000000
    39    2  O     1s        0.039037     0.100690     0.098019    -0.000000
    40    2  O     1s        0.127994     0.247883     0.242849    -0.000273
    41    2  O     1s        0.279944     0.443090     0.450633    -0.001242
    42    2  O     1s        0.390552     0.612159     0.700555    -0.000852
    43    2  O     1py       0.000431     0.000488     0.000184     0.000000
    44    2  O     1pz       0.007240     0.008212     0.003100     0.000000
    45    2  O     1px      -0.000651    -0.000738    -0.000279     0.000000
    46    2  O     1py       0.001996     0.002126     0.000816     0.000000
    47    2  O     1pz       0.033565     0.035743     0.013729    -0.000000
    48    2  O     1px      -0.003017    -0.003213    -0.001234     0.000000
    49    2  O     1py       0.006976     0.006734     0.002699     0.000179
    50    2  O     1pz       0.117308     0.113241     0.045392    -0.000175
    51    2  O     1px      -0.010545    -0.010179    -0.004080     0.000016
    52    2  O     1py       0.018799     0.016972     0.007506     0.006118
    53    2  O     1pz       0.316114     0.285403     0.126228    -0.002581
    54    2  O     1px      -0.028415    -0.025654    -0.011346     0.000232
    55    2  O     1py       0.032274     0.031716     0.017239     0.016931
    56    2  O     1pz       0.542714     0.533334     0.289891    -0.002993
    57    2  O     1px      -0.048783    -0.047940    -0.026058     0.000269
    58    2  O     1py       0.029779     0.037560     0.029200     0.013548
    59    2  O     1pz       0.500762     0.631611     0.491023    -0.000948
    60    2  O     1px      -0.045012    -0.056774    -0.044137     0.000085
    61    2  O     1d-2     -0.004716    -0.002913    -0.000809    -0.003647
    62    2  O     1d-1      0.052461     0.032404     0.009000     0.040575
    63    2  O     1d0       0.506368     0.312773     0.086873    -0.005655
    64    2  O     1d+1     -0.079297    -0.048980    -0.013604     0.000665
    65    2  O     1d+2      0.002004     0.001238     0.000344    -0.002456
    66    2  O     1d-2     -0.001623    -0.000703    -0.000123    -0.000507
    67    2  O     1d-1      0.018053     0.007819     0.001373     0.005641
    68    2  O     1d0       0.174248     0.075471     0.013255    -0.002401
    69    2  O     1d+1     -0.027287    -0.011819    -0.002076     0.000344
    70    2  O     1d+2      0.000690     0.000299     0.000052    -0.000358

                                9           10           11           12
     1    1  C     1s        0.000000     0.000000     0.000000     0.000000
     2    1  C     1s        0.000000     0.000000     0.000000     0.000000
     3    1  C     1s        0.000000     0.000000     0.000000     0.000000
     4    1  C     1s        0.000000     0.000000     0.000000     0.000000
     5    1  C     1s        0.000000     0.000000     0.000000     0.000000
     6    1  C     1s        0.000000     0.000000     0.000000     0.000000
     7    1  C     1s        0.000000     0.000000     0.000000     0.000000
     8    1  C     1py       0.000000     0.000000     0.635982     0.000000
     9    1  C     1pz       1.000000     0.000000     0.000000     0.635982
    10    1  C     1px       0.000000     1.000000     0.000000     0.000000
    11    1  C     1py       0.000000     0.000000     1.000000     0.000000
    12    1  C     1pz       0.635982     0.000000     0.000000     1.000000
    13    1  C     1px       0.000000     0.635982     0.000000     0.000000
    14    1  C     1py       0.000000     0.000000     0.737922     0.000000
    15    1  C     1pz       0.268692     0.000000     0.000000     0.737922
    16    1  C     1px       0.000000     0.268692     0.000000     0.000000
    17    1  C     1py       0.000000     0.000000     0.361026     0.000000
    18    1  C     1pz       0.098827     0.000000     0.000000     0.361026
    19    1  C     1px       0.000000     0.098827     0.000000     0.000000
    20    1  C     1py       0.000000     0.000000     0.143723     0.000000
    21    1  C     1pz       0.034500     0.000000     0.000000     0.143723
    22    1  C     1px       0.000000     0.034500     0.000000     0.000000
    23    1  C     1py       0.000000     0.000000     0.050829     0.000000
    24    1  C     1pz       0.011512     0.000000     0.000000     0.050829
    25    1  C     1px       0.000000     0.011512     0.000000     0.000000
    26    1  C     1d-2      0.000000     0.000000     0.000000     0.000000
    27    1  C     1d-1      0.000000     0.000000     0.000000     0.000000
    28    1  C     1d0       0.000000     0.000000     0.000000     0.000000
    29    1  C     1d+1      0.000000     0.000000     0.000000     0.000000
    30    1  C     1d+2     -0.000000     0.000000     0.000000     0.000000
    31    1  C     1d-2      0.000000     0.000000     0.000000     0.000000
    32    1  C     1d-1      0.000000     0.000000     0.000000     0.000000
    33    1  C     1d0       0.000000     0.000000     0.000000     0.000000
    34    1  C     1d+1      0.000000     0.000000     0.000000     0.000000
    35    1  C     1d+2     -0.000000     0.000000     0.000000    -0.000000

    36    2  O     1s        0.000000     0.000000    -0.000000    -0.000003
    37    2  O     1s        0.000000     0.000000    -0.000001    -0.000014
    38    2  O     1s       -0.000000     0.000000    -0.000006    -0.000098
    39    2  O     1s       -0.000003     0.000000    -0.000074    -0.001240
    40    2  O     1s       -0.004591     0.000413    -0.002036    -0.034240
    41    2  O     1s       -0.020891     0.001878    -0.005405    -0.090890
    42    2  O     1s       -0.014321     0.001287    -0.003654    -0.061450
    43    2  O     1py       0.000000     0.000000     0.000003    -0.000005
    44    2  O     1pz       0.000000     0.000000    -0.000005    -0.000079
    45    2  O     1px       0.000000     0.000000     0.000000     0.000007
    46    2  O     1py      -0.000000     0.000000     0.000118    -0.000131
    47    2  O     1pz      -0.000002     0.000000    -0.000131    -0.002078
    48    2  O     1px       0.000000     0.000000     0.000012     0.000198
    49    2  O     1py      -0.000175     0.000016     0.003497    -0.002388
    50    2  O     1pz      -0.002760     0.000265    -0.002388    -0.036522
    51    2  O     1px       0.000265     0.000166     0.000215     0.003610
    52    2  O     1py      -0.002581     0.000232     0.031908    -0.011339
    53    2  O     1pz      -0.037124     0.003901    -0.011339    -0.158092
    54    2  O     1px       0.003901     0.005921     0.001019     0.017139
    55    2  O     1py      -0.002993     0.000269     0.072011    -0.011806
    56    2  O     1pz      -0.033228     0.004525    -0.011806    -0.125817
    57    2  O     1px       0.004525     0.016702     0.001061     0.017845
    58    2  O     1py      -0.000948     0.000085     0.058827    -0.003993
    59    2  O     1pz      -0.002337     0.001433    -0.003993    -0.008073
    60    2  O     1px       0.001433     0.013475     0.000359     0.006035
    61    2  O     1d-2      0.000665     0.002379    -0.014377     0.002426
    62    2  O     1d-1     -0.004960     0.000665     0.159948    -0.017379
    63    2  O     1d0      -0.024060     0.008548    -0.021036    -0.073929
    64    2  O     1d+1      0.007498     0.040010     0.002426     0.026269
    65    2  O     1d+2     -0.000283    -0.003661    -0.009668    -0.001031
    66    2  O     1d-2      0.000344     0.000318    -0.003368     0.001759
    67    2  O     1d-1     -0.003483     0.000344     0.037464    -0.017269
    68    2  O     1d0      -0.030214     0.003630    -0.012557    -0.144256
    69    2  O     1d+1      0.005265     0.005348     0.001759     0.026103
    70    2  O     1d+2     -0.000146    -0.000514    -0.002342    -0.000747

                               13           14           15           16
     1    1  C     1s        0.000000     0.000000     0.000000     0.000000
     2    1  C     1s        0.000000     0.000000     0.000000     0.000000
     3    1  C     1s        0.000000     0.000000     0.000000     0.000000
     4    1  C     1s        0.000000     0.000000     0.000000     0.000000
     5    1  C     1s        0.000000     0.000000     0.000000     0.000000
     6    1  C     1s        0.000000     0.000000     0.000000     0.000000
     7    1  C     1s        0.000000     0.000000     0.000000     0.000000
     8    1  C     1py       0.000000     0.268692     0.000000     0.000000
     9    1  C     1pz       0.000000     0.000000     0.268692     0.000000
    10    1  C     1px       0.635982     0.000000     0.000000     0.268692
    11    1  C     1py       0.000000     0.737922     0.000000     0.000000
    12    1  C     1pz       0.000000     0.000000     0.737922     0.000000
    13    1  C     1px       1.000000     0.000000     0.000000     0.737922
    14    1  C     1py       0.000000     1.000000     0.000000     0.000000
    15    1  C     1pz       0.000000     0.000000     1.000000     0.000000
    16    1  C     1px       0.737922     0.000000     0.000000     1.000000
    17    1  C     1py       0.000000     0.772695     0.000000     0.000000
    18    1  C     1pz       0.000000     0.000000     0.772695     0.000000
    19    1  C     1px       0.361026     0.000000     0.000000     0.772695
    20    1  C     1py       0.000000     0.400787     0.000000     0.000000
    21    1  C     1pz       0.000000     0.000000     0.400787     0.000000
    22    1  C     1px       0.143723     0.000000     0.000000     0.400787
    23    1  C     1py       0.000000     0.161723     0.000000     0.000000
    24    1  C     1pz       0.000000     0.000000     0.161723     0.000000
    25    1  C     1px       0.050829     0.000000     0.000000     0.161723
    26    1  C     1d-2      0.000000     0.000000     0.000000     0.000000
    27    1  C     1d-1      0.000000     0.000000     0.000000     0.000000
    28    1  C     1d0       0.000000     0.000000     0.000000     0.000000
    29    1  C     1d+1      0.000000     0.000000     0.000000     0.000000
    30    1  C     1d+2      0.000000     0.000000     0.000000     0.000000
    31    1  C     1d-2      0.000000     0.000000     0.000000     0.000000
    32    1  C     1d-1      0.000000     0.000000     0.000000     0.000000
    33    1  C     1d0       0.000000     0.000000     0.000000     0.000000
    34    1  C     1d+1      0.000000     0.000000     0.000000     0.000000
    35    1  C     1d+2      0.000000     0.000000    -0.000000     0.000000

    36    2  O     1s        0.000000    -0.000183    -0.003069     0.000276
    37    2  O     1s        0.000001    -0.000483    -0.008130     0.000731
    38    2  O     1s        0.000009    -0.001139    -0.019148     0.001721
    39    2  O     1s        0.000111    -0.002810    -0.047257     0.004248
    40    2  O     1s        0.003078    -0.009991    -0.168014     0.015102
    41    2  O     1s        0.008170    -0.015879    -0.267023     0.024002
    42    2  O     1s        0.005524    -0.010869    -0.182764     0.016428
    43    2  O     1py       0.000000     0.001273    -0.000714     0.000064
    44    2  O     1pz       0.000007    -0.000714    -0.010696     0.001080
    45    2  O     1px       0.000003     0.000064     0.001080     0.001218
    46    2  O     1py       0.000012     0.007183    -0.003578     0.000322
    47    2  O     1pz       0.000198    -0.003578    -0.052770     0.005408
    48    2  O     1px       0.000108     0.000322     0.005408     0.006910
    49    2  O     1py       0.000215     0.033438    -0.013014     0.001170
    50    2  O     1pz       0.003610    -0.013014    -0.184636     0.019672
    51    2  O     1px       0.003315     0.001170     0.019672     0.032443
    52    2  O     1py       0.001019     0.113892    -0.029062     0.002612
    53    2  O     1pz       0.017139    -0.029062    -0.373078     0.043928
    54    2  O     1px       0.031042     0.002612     0.043928     0.111671
    55    2  O     1py       0.001061     0.207200    -0.028760     0.002585
    56    2  O     1pz       0.017845    -0.028760    -0.274718     0.043472
    57    2  O     1px       0.071109     0.002585     0.043472     0.205003
    58    2  O     1py       0.000359     0.179935    -0.011360     0.001021
    59    2  O     1pz       0.006035    -0.011360    -0.010419     0.017171
    60    2  O     1px       0.058522     0.001021     0.017171     0.179067
    61    2  O     1d-2      0.009389    -0.034939     0.004969     0.022864
    62    2  O     1d-1      0.002426     0.388696    -0.031965     0.004969
    63    2  O     1d0       0.031798    -0.045186    -0.080905     0.068300
    64    2  O     1d+1      0.157886     0.004969     0.048316     0.384473
    65    2  O     1d+2     -0.014429    -0.023436    -0.002112    -0.035045
    66    2  O     1d-2      0.002139    -0.011863     0.003929     0.007650
    67    2  O     1d-1      0.001759     0.131980    -0.035704     0.003929
    68    2  O     1d0       0.018981    -0.029709    -0.266475     0.044906
    69    2  O     1d+1      0.035969     0.003929     0.053968     0.128641
    70    2  O     1d+2     -0.003405    -0.008102    -0.001670    -0.011947

                               17           18           19           20
     1    1  C     1s        0.000000     0.000000     0.000000     0.000000
     2    1  C     1s        0.000000     0.000000     0.000000     0.000000
     3    1  C     1s        0.000000     0.000000     0.000000     0.000000
     4    1  C     1s        0.000000     0.000000     0.000000     0.000000
     5    1  C     1s        0.000000     0.000000     0.000000     0.000000
     6    1  C     1s        0.000000     0.000000     0.000000     0.000000
     7    1  C     1s        0.000000     0.000000     0.000000     0.000000
     8    1  C     1py       0.098827     0.000000     0.000000     0.034500
     9    1  C     1pz       0.000000     0.098827     0.000000     0.000000
    10    1  C     1px       0.000000     0.000000     0.098827     0.000000
    11    1  C     1py       0.361026     0.000000     0.000000     0.143723
    12    1  C     1pz       0.000000     0.361026     0.000000     0.000000
    13    1  C     1px       0.000000     0.000000     0.361026     0.000000
    14    1  C     1py       0.772695     0.000000     0.000000     0.400787
    15    1  C     1pz       0.000000     0.772695     0.000000     0.000000
    16    1  C     1px       0.000000     0.000000     0.772695     0.000000
    17    1  C     1py       1.000000     0.000000     0.000000     0.785850
    18    1  C     1pz       0.000000     1.000000     0.000000     0.000000
    19    1  C     1px       0.000000     0.000000     1.000000     0.000000
    20    1  C     1py       0.785850     0.000000     0.000000     1.000000
    21    1  C     1pz       0.000000     0.785850     0.000000     0.000000
    22    1  C     1px       0.000000     0.000000     0.785850     0.000000
    23    1  C     1py       0.409819     0.000000     0.000000     0.783007
    24    1  C     1pz       0.000000     0.409819     0.000000     0.000000
    25    1  C     1px       0.000000     0.000000     0.409819     0.000000
    26    1  C     1d-2      0.000000     0.000000     0.000000     0.000000
    27    1  C     1d-1      0.000000     0.000000     0.000000     0.000000
    28    1  C     1d0       0.000000     0.000000     0.000000     0.000000
    29    1  C     1d+1      0.000000     0.000000     0.000000     0.000000
    30    1  C     1d+2      0.000000    -0.000000     0.000000     0.000000
    31    1  C     1d-2      0.000000     0.000000     0.000000     0.000000
    32    1  C     1d-1      0.000000     0.000000     0.000000     0.000000
    33    1  C     1d0       0.000000     0.000000     0.000000     0.000000
    34    1  C     1d+1      0.000000     0.000000     0.000000     0.000000
    35    1  C     1d+2      0.000000    -0.000000     0.000000     0.000000

    36    2  O     1s       -0.001063    -0.017879     0.001607    -0.001094
    37    2  O     1s       -0.002659    -0.044707     0.004019    -0.002731
    38    2  O     1s       -0.005507    -0.092613     0.008325    -0.005645
    39    2  O     1s       -0.010651    -0.179113     0.016100    -0.010886
    40    2  O     1s       -0.023335    -0.392401     0.035272    -0.024266
    41    2  O     1s       -0.031181    -0.524342     0.047132    -0.036056
    42    2  O     1s       -0.023915    -0.402156     0.036149    -0.035667
    43    2  O     1py       0.006770    -0.001529     0.000137     0.007003
    44    2  O     1pz      -0.001529    -0.018846     0.002311    -0.000651
    45    2  O     1px       0.000137     0.002311     0.006653     0.000059
    46    2  O     1py       0.029751    -0.006392     0.000575     0.030646
    47    2  O     1pz      -0.006392    -0.077360     0.009662    -0.002792
    48    2  O     1px       0.000575     0.009662     0.029262     0.000251
    49    2  O     1py       0.095419    -0.018294     0.001644     0.098435
    50    2  O     1pz      -0.018294    -0.211124     0.027652    -0.008531
    51    2  O     1px       0.001644     0.027652     0.094022     0.000767
    52    2  O     1py       0.238786    -0.036370     0.003269     0.256514
    53    2  O     1pz      -0.036370    -0.370639     0.054974    -0.019903
    54    2  O     1px       0.003269     0.054974     0.236007     0.001789
    55    2  O     1py       0.414475    -0.042075     0.003782     0.515639
    56    2  O     1pz      -0.042075    -0.290544     0.063598    -0.031882
    57    2  O     1px       0.003782     0.063598     0.411261     0.002866
    58    2  O     1py       0.419747    -0.022706     0.002041     0.691656
    59    2  O     1pz      -0.022706     0.039268     0.034322    -0.027880
    60    2  O     1px       0.002041     0.034322     0.418012     0.002506
    61    2  O     1d-2     -0.050753     0.005244     0.033312    -0.037997
    62    2  O     1d-1      0.564630    -0.024554     0.005244     0.422712
    63    2  O     1d0      -0.052991     0.092892     0.080098    -0.029731
    64    2  O     1d+1      0.005244     0.037115     0.560172     0.002375
    65    2  O     1d+2     -0.033916    -0.002229    -0.050865    -0.025291
    66    2  O     1d-2     -0.015539     0.002742     0.010142    -0.007690
    67    2  O     1d-1      0.172872    -0.020121     0.002742     0.085554
    68    2  O     1d0      -0.023510    -0.092773     0.035536    -0.007048
    69    2  O     1d+1      0.002742     0.030414     0.170541     0.000641
    70    2  O     1d+2     -0.010457    -0.001165    -0.015597    -0.005129

                               21           22           23           24
     1    1  C     1s        0.000000     0.000000     0.000000     0.000000
     2    1  C     1s        0.000000     0.000000     0.000000     0.000000
     3    1  C     1s        0.000000     0.000000     0.000000     0.000000
     4    1  C     1s        0.000000     0.000000     0.000000     0.000000
     5    1  C     1s        0.000000     0.000000     0.000000     0.000000
     6    1  C     1s        0.000000     0.000000     0.000000     0.000000
     7    1  C     1s        0.000000     0.000000     0.000000     0.000000
     8    1  C     1py       0.000000     0.000000     0.011512     0.000000
     9    1  C     1pz       0.034500     0.000000     0.000000     0.011512
    10    1  C     1px       0.000000     0.034500     0.000000     0.000000
    11    1  C     1py       0.000000     0.000000     0.050829     0.000000
    12    1  C     1pz       0.143723     0.000000     0.000000     0.050829
    13    1  C     1px       0.000000     0.143723     0.000000     0.000000
    14    1  C     1py       0.000000     0.000000     0.161723     0.000000
    15    1  C     1pz       0.400787     0.000000     0.000000     0.161723
    16    1  C     1px       0.000000     0.400787     0.000000     0.000000
    17    1  C     1py       0.000000     0.000000     0.409819     0.000000
    18    1  C     1pz       0.785850     0.000000     0.000000     0.409819
    19    1  C     1px       0.000000     0.785850     0.000000     0.000000
    20    1  C     1py       0.000000     0.000000     0.783007     0.000000
    21    1  C     1pz       1.000000     0.000000     0.000000     0.783007
    22    1  C     1px       0.000000     1.000000     0.000000     0.000000
    23    1  C     1py       0.000000     0.000000     1.000000     0.000000
    24    1  C     1pz       0.783007     0.000000     0.000000     1.000000
    25    1  C     1px       0.000000     0.783007     0.000000     0.000000
    26    1  C     1d-2      0.000000     0.000000     0.000000     0.000000
    27    1  C     1d-1      0.000000     0.000000     0.000000     0.000000
    28    1  C     1d0       0.000000     0.000000     0.000000     0.000000
    29    1  C     1d+1      0.000000     0.000000     0.000000     0.000000
    30    1  C     1d+2     -0.000000     0.000000     0.000000    -0.000000
    31    1  C     1d-2      0.000000     0.000000     0.000000     0.000000
    32    1  C     1d-1      0.000000     0.000000     0.000000     0.000000
    33    1  C     1d0       0.000000     0.000000     0.000000     0.000000
    34    1  C     1d+1      0.000000     0.000000     0.000000     0.000000
    35    1  C     1d+2     -0.000000     0.000000     0.000000    -0.000000

    36    2  O     1s       -0.018390     0.001653    -0.000570    -0.009585
    37    2  O     1s       -0.045931     0.004129    -0.001428    -0.024015
    38    2  O     1s       -0.094929     0.008533    -0.002974    -0.050017
    39    2  O     1s       -0.183063     0.016455    -0.005843    -0.098256
    40    2  O     1s       -0.408047     0.036678    -0.014058    -0.236389
    41    2  O     1s       -0.606310     0.054500    -0.024445    -0.411070
    42    2  O     1s       -0.599775     0.053913    -0.032714    -0.550109
    43    2  O     1py      -0.000651     0.000059     0.003685    -0.000140
    44    2  O     1pz      -0.003912     0.000985    -0.000140     0.001343
    45    2  O     1px       0.000985     0.006954     0.000013     0.000211
    46    2  O     1py      -0.002792     0.000251     0.016400    -0.000617
    47    2  O     1pz      -0.016136     0.004220    -0.000617     0.006065
    48    2  O     1px       0.004220     0.030433     0.000055     0.000932
    49    2  O     1py      -0.008531     0.000767     0.054881    -0.002021
    50    2  O     1pz      -0.044514     0.012895    -0.002021     0.021012
    51    2  O     1px       0.012895     0.097783     0.000182     0.003055
    52    2  O     1py      -0.019903     0.001789     0.156810    -0.005502
    53    2  O     1pz      -0.076991     0.030084    -0.005502     0.064620
    54    2  O     1px       0.030084     0.254994     0.000495     0.008316
    55    2  O     1py      -0.031882     0.002866     0.381246    -0.011994
    56    2  O     1pz      -0.018582     0.048190    -0.011994     0.180274
    57    2  O     1px       0.048190     0.513203     0.001078     0.018129
    58    2  O     1py      -0.027880     0.002506     0.718971    -0.017787
    59    2  O     1pz       0.224489     0.042142    -0.017787     0.420930
    60    2  O     1px       0.042142     0.689526     0.001599     0.026885
    61    2  O     1d-2      0.002375     0.025018    -0.014119     0.000447
    62    2  O     1d-1     -0.001186     0.002375     0.157069     0.004390
    63    2  O     1d0       0.234932     0.044939    -0.008255     0.133754
    64    2  O     1d+1      0.001793     0.420694     0.000447    -0.006635
    65    2  O     1d+2     -0.001009    -0.038047    -0.009369    -0.000190
    66    2  O     1d-2      0.000641     0.005055    -0.001928     0.000070
    67    2  O     1d-1     -0.002023     0.000641     0.021446     0.000501
    68    2  O     1d0       0.030399     0.010654    -0.001184     0.017317
    69    2  O     1d+1      0.003058     0.085009     0.000070    -0.000757
    70    2  O     1d+2     -0.000273    -0.007704    -0.001280    -0.000030

                               25           26           27           28
     1    1  C     1s        0.000000     0.000000     0.000000    -0.000000
     2    1  C     1s        0.000000     0.000000     0.000000     0.000000
     3    1  C     1s        0.000000     0.000000     0.000000    -0.000000
     4    1  C     1s        0.000000     0.000000     0.000000    -0.000000
     5    1  C     1s        0.000000     0.000000     0.000000    -0.000000
     6    1  C     1s        0.000000     0.000000     0.000000     0.000000
     7    1  C     1s        0.000000     0.000000     0.000000    -0.000000
     8    1  C     1py       0.000000     0.000000     0.000000     0.000000
     9    1  C     1pz       0.000000     0.000000     0.000000     0.000000
    10    1  C     1px       0.011512     0.000000     0.000000     0.000000
    11    1  C     1py       0.000000     0.000000     0.000000     0.000000
    12    1  C     1pz       0.000000     0.000000     0.000000     0.000000
    13    1  C     1px       0.050829     0.000000     0.000000     0.000000
    14    1  C     1py       0.000000     0.000000     0.000000     0.000000
    15    1  C     1pz       0.000000     0.000000     0.000000     0.000000
    16    1  C     1px       0.161723     0.000000     0.000000     0.000000
    17    1  C     1py       0.000000     0.000000     0.000000     0.000000
    18    1  C     1pz       0.000000     0.000000     0.000000     0.000000
    19    1  C     1px       0.409819     0.000000     0.000000     0.000000
    20    1  C     1py       0.000000     0.000000     0.000000     0.000000
    21    1  C     1pz       0.000000     0.000000     0.000000     0.000000
    22    1  C     1px       0.783007     0.000000     0.000000     0.000000
    23    1  C     1py       0.000000     0.000000     0.000000     0.000000
    24    1  C     1pz       0.000000     0.000000     0.000000     0.000000
    25    1  C     1px       1.000000     0.000000     0.000000     0.000000
    26    1  C     1d-2      0.000000     1.000000     0.000000     0.000000
    27    1  C     1d-1      0.000000     0.000000     1.000000     0.000000
    28    1  C     1d0       0.000000     0.000000     0.000000     1.000000
    29    1  C     1d+1      0.000000     0.000000     0.000000     0.000000
    30    1  C     1d+2      0.000000     0.000000     0.000000     0.000000
    31    1  C     1d-2      0.000000     0.457947     0.000000     0.000000
    32    1  C     1d-1      0.000000     0.000000     0.457947     0.000000
    33    1  C     1d0       0.000000     0.000000     0.000000     0.457947
    34    1  C     1d+1      0.000000     0.000000     0.000000     0.000000
    35    1  C     1d+2      0.000000     0.000000     0.000000    -0.000000

    36    2  O     1s        0.000862    -0.000264     0.002936     0.028336
    37    2  O     1s        0.002159    -0.000654     0.007273     0.070199
    38    2  O     1s        0.004496    -0.001324     0.014733     0.142211
    39    2  O     1s        0.008832    -0.002433     0.027072     0.261302
    40    2  O     1s        0.021248    -0.004433     0.049322     0.476067
    41    2  O     1s        0.036950    -0.004374     0.048657     0.469646
    42    2  O     1s        0.049448    -0.002068     0.023004     0.222036
    43    2  O     1py       0.000013     0.001654    -0.018400     0.002598
    44    2  O     1pz       0.000211    -0.000307     0.002307     0.011468
    45    2  O     1px       0.003674    -0.001079    -0.000307    -0.003927
    46    2  O     1py       0.000055     0.006926    -0.077049     0.010549
    47    2  O     1pz       0.000932    -0.001233     0.009089     0.042517
    48    2  O     1px       0.016353    -0.004520    -0.001233    -0.015945
    49    2  O     1py       0.000182     0.019971    -0.222174     0.028345
    50    2  O     1pz       0.003055    -0.003233     0.022626     0.088128
    51    2  O     1px       0.054727    -0.013049    -0.003233    -0.042845
    52    2  O     1py       0.000495     0.040812    -0.454033     0.050335
    53    2  O     1pz       0.008316    -0.005422     0.033106     0.053801
    54    2  O     1px       0.156390    -0.026726    -0.005422    -0.076083
    55    2  O     1py       0.001078     0.050426    -0.560986     0.049147
    56    2  O     1pz       0.018129    -0.004664     0.018338    -0.150551
    57    2  O     1px       0.380330    -0.033125    -0.004664    -0.074288
    58    2  O     1py       0.001599     0.029965    -0.333361     0.021320
    59    2  O     1pz       0.026885    -0.001541    -0.002743    -0.220654
    60    2  O     1px       0.717612    -0.019746    -0.001541    -0.032226
    61    2  O     1d-2      0.009318     0.443398     0.063444    -0.007803
    62    2  O     1d-1      0.000447     0.063444    -0.256712     0.013707
    63    2  O     1d0       0.012477    -0.007803     0.013707    -0.129966
    64    2  O     1d+1      0.156690    -0.041672    -0.002169    -0.020719
    65    2  O     1d+2     -0.014128    -0.000014     0.042358     0.003316
    66    2  O     1d-2      0.001272     0.124636     0.028756    -0.004483
    67    2  O     1d-1      0.000070     0.028756    -0.192686     0.016623
    68    2  O     1d0       0.001789    -0.004483     0.016623    -0.035841
    69    2  O     1d+1      0.021386    -0.018805    -0.002613    -0.025126
    70    2  O     1d+2     -0.001929    -0.000010     0.019304     0.001905

                               29           30           31           32
     1    1  C     1s        0.000000    -0.000000     0.000000     0.000000
     2    1  C     1s        0.000000     0.000000     0.000000     0.000000
     3    1  C     1s        0.000000     0.000000     0.000000     0.000000
     4    1  C     1s        0.000000     0.000000     0.000000     0.000000
     5    1  C     1s        0.000000     0.000000     0.000000     0.000000
     6    1  C     1s        0.000000     0.000000     0.000000     0.000000
     7    1  C     1s        0.000000     0.000000     0.000000     0.000000
     8    1  C     1py       0.000000     0.000000     0.000000     0.000000
     9    1  C     1pz       0.000000    -0.000000     0.000000     0.000000
    10    1  C     1px       0.000000     0.000000     0.000000     0.000000
    11    1  C     1py       0.000000     0.000000     0.000000     0.000000
    12    1  C     1pz       0.000000     0.000000     0.000000     0.000000
    13    1  C     1px       0.000000     0.000000     0.000000     0.000000
    14    1  C     1py       0.000000     0.000000     0.000000     0.000000
    15    1  C     1pz       0.000000     0.000000     0.000000     0.000000
    16    1  C     1px       0.000000     0.000000     0.000000     0.000000
    17    1  C     1py       0.000000     0.000000     0.000000     0.000000
    18    1  C     1pz       0.000000    -0.000000     0.000000     0.000000
    19    1  C     1px       0.000000     0.000000     0.000000     0.000000
    20    1  C     1py       0.000000     0.000000     0.000000     0.000000
    21    1  C     1pz       0.000000    -0.000000     0.000000     0.000000
    22    1  C     1px       0.000000     0.000000     0.000000     0.000000
    23    1  C     1py       0.000000     0.000000     0.000000     0.000000
    24    1  C     1pz       0.000000    -0.000000     0.000000     0.000000
    25    1  C     1px       0.000000     0.000000     0.000000     0.000000
    26    1  C     1d-2      0.000000     0.000000     0.457947     0.000000
    27    1  C     1d-1      0.000000     0.000000     0.000000     0.457947
    28    1  C     1d0       0.000000     0.000000     0.000000     0.000000
    29    1  C     1d+1      1.000000     0.000000     0.000000     0.000000
    30    1  C     1d+2      0.000000     1.000000     0.000000     0.000000
    31    1  C     1d-2      0.000000     0.000000     1.000000     0.000000
    32    1  C     1d-1      0.000000     0.000000     0.000000     1.000000
    33    1  C     1d0       0.000000    -0.000000     0.000000     0.000000
    34    1  C     1d+1      0.457947     0.000000     0.000000     0.000000
    35    1  C     1d+2      0.000000     0.457947     0.000000     0.000000

    36    2  O     1s       -0.004437     0.000112    -0.000027     0.000295
    37    2  O     1s       -0.010993     0.000278    -0.000072     0.000804
    38    2  O     1s       -0.022270     0.000563    -0.000179     0.001993
    39    2  O     1s       -0.040920     0.001034    -0.000470     0.005227
    40    2  O     1s       -0.074552     0.001884    -0.001474     0.016393
    41    2  O     1s       -0.073547     0.001859    -0.001392     0.015484
    42    2  O     1s       -0.034771     0.000879    -0.000424     0.004717
    43    2  O     1py      -0.000307     0.001114     0.000193    -0.002145
    44    2  O     1pz      -0.003488     0.000130    -0.000140     0.001423
    45    2  O     1px      -0.018139     0.001660    -0.000120    -0.000140
    46    2  O     1py      -0.001233     0.004662     0.001178    -0.013103
    47    2  O     1pz      -0.013739     0.000524    -0.000735     0.007364
    48    2  O     1px      -0.076001     0.006952    -0.000742    -0.000735
    49    2  O     1py      -0.003233     0.013421     0.005470    -0.060853
    50    2  O     1pz      -0.034199     0.001374    -0.002526     0.024388
    51    2  O     1px      -0.219426     0.020039    -0.003491    -0.002526
    52    2  O     1py      -0.005422     0.027351     0.014150    -0.157419
    53    2  O     1pz      -0.050040     0.002304    -0.004026     0.035268
    54    2  O     1px      -0.449424     0.040927    -0.009158    -0.004026
    55    2  O     1py      -0.004664     0.033662     0.014091    -0.156762
    56    2  O     1pz      -0.027719     0.001982    -0.002072     0.013649
    57    2  O     1px      -0.557022     0.050525    -0.009218    -0.002072
    58    2  O     1py      -0.001541     0.019924     0.005293    -0.058880
    59    2  O     1pz       0.004146     0.000655    -0.000343     0.000300
    60    2  O     1px      -0.332051     0.029998    -0.003484    -0.000343
    61    2  O     1d-2     -0.041672    -0.000014     0.124636     0.028756
    62    2  O     1d-1     -0.002169     0.042358     0.028756    -0.192686
    63    2  O     1d0      -0.020719     0.003316    -0.004483     0.016623
    64    2  O     1d+1     -0.254869     0.063571    -0.018805    -0.002613
    65    2  O     1d+2      0.063571     0.443372    -0.000010     0.019304
    66    2  O     1d-2     -0.018805    -0.000010     0.038606     0.022983
    67    2  O     1d-1     -0.002613     0.019304     0.022983    -0.215009
    68    2  O     1d0      -0.025126     0.001905    -0.006658     0.047134
    69    2  O     1d+1     -0.190465     0.028848    -0.014761    -0.007389
    70    2  O     1d+2      0.028848     0.124617    -0.000020     0.015773

                               33           34           35           36
     1    1  C     1s        0.000000     0.000000    -0.000000     0.000000
     2    1  C     1s       -0.000000     0.000000    -0.000000     0.000000
     3    1  C     1s       -0.000000     0.000000     0.000000     0.000000
     4    1  C     1s        0.000000     0.000000    -0.000000     0.000004
     5    1  C     1s       -0.000000     0.000000     0.000000     0.003122
     6    1  C     1s        0.000000     0.000000    -0.000000     0.009710
     7    1  C     1s        0.000000     0.000000    -0.000000     0.009458
     8    1  C     1py       0.000000     0.000000     0.000000     0.000000
     9    1  C     1pz       0.000000     0.000000    -0.000000     0.000000
    10    1  C     1px       0.000000     0.000000     0.000000     0.000000
    11    1  C     1py       0.000000     0.000000     0.000000    -0.000000
    12    1  C     1pz       0.000000     0.000000    -0.000000    -0.000003
    13    1  C     1px       0.000000     0.000000     0.000000     0.000000
    14    1  C     1py       0.000000     0.000000     0.000000    -0.000183
    15    1  C     1pz       0.000000     0.000000    -0.000000    -0.003069
    16    1  C     1px       0.000000     0.000000     0.000000     0.000276
    17    1  C     1py       0.000000     0.000000     0.000000    -0.001063
    18    1  C     1pz       0.000000     0.000000    -0.000000    -0.017879
    19    1  C     1px       0.000000     0.000000     0.000000     0.001607
    20    1  C     1py       0.000000     0.000000     0.000000    -0.001094
    21    1  C     1pz       0.000000     0.000000    -0.000000    -0.018390
    22    1  C     1px       0.000000     0.000000     0.000000     0.001653
    23    1  C     1py       0.000000     0.000000     0.000000    -0.000570
    24    1  C     1pz       0.000000     0.000000    -0.000000    -0.009585
    25    1  C     1px       0.000000     0.000000     0.000000     0.000862
    26    1  C     1d-2      0.000000     0.000000     0.000000    -0.000264
    27    1  C     1d-1      0.000000     0.000000     0.000000     0.002936
    28    1  C     1d0       0.457947     0.000000    -0.000000     0.028336
    29    1  C     1d+1      0.000000     0.457947     0.000000    -0.004437
    30    1  C     1d+2     -0.000000     0.000000     0.457947     0.000112
    31    1  C     1d-2      0.000000     0.000000     0.000000    -0.000027
    32    1  C     1d-1      0.000000     0.000000     0.000000     0.000295
    33    1  C     1d0       1.000000     0.000000     0.000000     0.002849
    34    1  C     1d+1      0.000000     1.000000     0.000000    -0.000446
    35    1  C     1d+2      0.000000     0.000000     1.000000     0.000011

    36    2  O     1s        0.002849    -0.000446     0.000011     1.000000
    37    2  O     1s        0.007757    -0.001215     0.000031     0.751464
    38    2  O     1s        0.019241    -0.003013     0.000076     0.454137
    39    2  O     1s        0.050450    -0.007900     0.000200     0.249709
    40    2  O     1s        0.158227    -0.024778     0.000626     0.100048
    41    2  O     1s        0.149451    -0.023404     0.000591     0.048175
    42    2  O     1s        0.045529    -0.007130     0.000180     0.023376
    43    2  O     1py       0.000970    -0.000140     0.000137     0.000000
    44    2  O     1pz       0.012438    -0.002151     0.000059     0.000000
    45    2  O     1px      -0.001466    -0.002026     0.000196     0.000000
    46    2  O     1py       0.005157    -0.000735     0.000827     0.000000
    47    2  O     1pz       0.063184    -0.011130     0.000312     0.000000
    48    2  O     1px      -0.007795    -0.012479     0.001193     0.000000
    49    2  O     1py       0.018279    -0.002526     0.003782     0.000000
    50    2  O     1pz       0.199089    -0.036863     0.001074     0.000000
    51    2  O     1px      -0.027630    -0.058705     0.005524     0.000000
    52    2  O     1py       0.031204    -0.004026     0.009621     0.000000
    53    2  O     1pz       0.247454    -0.053309     0.001711     0.000000
    54    2  O     1px      -0.047166    -0.153997     0.014236     0.000000
    55    2  O     1py       0.018661    -0.002072     0.009456     0.000000
    56    2  O     1pz       0.039912    -0.020631     0.000881     0.000000
    57    2  O     1px      -0.028207    -0.155001     0.014135     0.000000
    58    2  O     1py       0.004219    -0.000343     0.003524     0.000000
    59    2  O     1pz      -0.031430    -0.000453     0.000146     0.000000
    60    2  O     1px      -0.006377    -0.058588     0.005300     0.000000
    61    2  O     1d-2     -0.004483    -0.018805    -0.000010     0.000000
    62    2  O     1d-1      0.016623    -0.002613     0.019304     0.000000
    63    2  O     1d0      -0.035841    -0.025126     0.001905    -0.000000
    64    2  O     1d+1     -0.025126    -0.190465     0.028848     0.000000
    65    2  O     1d+2      0.001905     0.028848     0.124617    -0.000000
    66    2  O     1d-2     -0.006658    -0.014761    -0.000020     0.000000
    67    2  O     1d-1      0.047134    -0.007389     0.015773     0.000000
    68    2  O     1d0       0.233536    -0.071246     0.002829     0.000000
    69    2  O     1d+1     -0.071246    -0.208729     0.023170     0.000000
    70    2  O     1d+2      0.002829     0.023170     0.038567    -0.000000

                               37           38           39           40
     1    1  C     1s        0.000000     0.000000     0.000000     0.000565
     2    1  C     1s        0.000000     0.000000     0.000000     0.001742
     3    1  C     1s        0.000000     0.000000     0.000007     0.005541
     4    1  C     1s        0.000016     0.000082     0.000743     0.021534
     5    1  C     1s        0.008014     0.017660     0.039037     0.127994
     6    1  C     1s        0.024360     0.050895     0.100690     0.247883
     7    1  C     1s        0.023723     0.049551     0.098019     0.242849
     8    1  C     1py       0.000000    -0.000000    -0.000000    -0.000273
     9    1  C     1pz       0.000000    -0.000000    -0.000003    -0.004591
    10    1  C     1px       0.000000     0.000000     0.000000     0.000413
    11    1  C     1py      -0.000001    -0.000006    -0.000074    -0.002036
    12    1  C     1pz      -0.000014    -0.000098    -0.001240    -0.034240
    13    1  C     1px       0.000001     0.000009     0.000111     0.003078
    14    1  C     1py      -0.000483    -0.001139    -0.002810    -0.009991
    15    1  C     1pz      -0.008130    -0.019148    -0.047257    -0.168014
    16    1  C     1px       0.000731     0.001721     0.004248     0.015102
    17    1  C     1py      -0.002659    -0.005507    -0.010651    -0.023335
    18    1  C     1pz      -0.044707    -0.092613    -0.179113    -0.392401
    19    1  C     1px       0.004019     0.008325     0.016100     0.035272
    20    1  C     1py      -0.002731    -0.005645    -0.010886    -0.024266
    21    1  C     1pz      -0.045931    -0.094929    -0.183063    -0.408047
    22    1  C     1px       0.004129     0.008533     0.016455     0.036678
    23    1  C     1py      -0.001428    -0.002974    -0.005843    -0.014058
    24    1  C     1pz      -0.024015    -0.050017    -0.098256    -0.236389
    25    1  C     1px       0.002159     0.004496     0.008832     0.021248
    26    1  C     1d-2     -0.000654    -0.001324    -0.002433    -0.004433
    27    1  C     1d-1      0.007273     0.014733     0.027072     0.049322
    28    1  C     1d0       0.070199     0.142211     0.261302     0.476067
    29    1  C     1d+1     -0.010993    -0.022270    -0.040920    -0.074552
    30    1  C     1d+2      0.000278     0.000563     0.001034     0.001884
    31    1  C     1d-2     -0.000072    -0.000179    -0.000470    -0.001474
    32    1  C     1d-1      0.000804     0.001993     0.005227     0.016393
    33    1  C     1d0       0.007757     0.019241     0.050450     0.158227
    34    1  C     1d+1     -0.001215    -0.003013    -0.007900    -0.024778
    35    1  C     1d+2      0.000031     0.000076     0.000200     0.000626

    36    2  O     1s        0.751464     0.454137     0.249709     0.100048
    37    2  O     1s        1.000000     0.838195     0.546854     0.241479
    38    2  O     1s        0.838195     1.000000     0.855792     0.460723
    39    2  O     1s        0.546854     0.855792     1.000000     0.748118
    40    2  O     1s        0.241479     0.460723     0.748118     1.000000
    41    2  O     1s        0.119261     0.241304     0.443402     0.837893
    42    2  O     1s        0.058422     0.120946     0.234242     0.533533
    43    2  O     1py       0.000000     0.000000     0.000000     0.000000
    44    2  O     1pz       0.000000     0.000000     0.000000     0.000000
    45    2  O     1px       0.000000     0.000000     0.000000     0.000000
    46    2  O     1py       0.000000     0.000000     0.000000     0.000000
    47    2  O     1pz       0.000000     0.000000     0.000000     0.000000
    48    2  O     1px       0.000000     0.000000     0.000000     0.000000
    49    2  O     1py       0.000000     0.000000     0.000000     0.000000
    50    2  O     1pz       0.000000     0.000000     0.000000     0.000000
    51    2  O     1px       0.000000     0.000000     0.000000     0.000000
    52    2  O     1py       0.000000     0.000000     0.000000     0.000000
    53    2  O     1pz       0.000000     0.000000     0.000000     0.000000
    54    2  O     1px       0.000000     0.000000     0.000000     0.000000
    55    2  O     1py       0.000000     0.000000     0.000000     0.000000
    56    2  O     1pz       0.000000     0.000000     0.000000     0.000000
    57    2  O     1px       0.000000     0.000000     0.000000     0.000000
    58    2  O     1py       0.000000     0.000000     0.000000     0.000000
    59    2  O     1pz       0.000000     0.000000     0.000000     0.000000
    60    2  O     1px       0.000000     0.000000     0.000000     0.000000
    61    2  O     1d-2      0.000000     0.000000     0.000000     0.000000
    62    2  O     1d-1      0.000000     0.000000     0.000000     0.000000
    63    2  O     1d0      -0.000000     0.000000     0.000000    -0.000000
    64    2  O     1d+1      0.000000     0.000000     0.000000     0.000000
    65    2  O     1d+2     -0.000000    -0.000000     0.000000     0.000000
    66    2  O     1d-2      0.000000     0.000000     0.000000     0.000000
    67    2  O     1d-1      0.000000     0.000000     0.000000     0.000000
    68    2  O     1d0       0.000000     0.000000     0.000000    -0.000000
    69    2  O     1d+1      0.000000     0.000000     0.000000     0.000000
    70    2  O     1d+2     -0.000000    -0.000000    -0.000000    -0.000000

                               41           42           43           44
     1    1  C     1s        0.009211     0.016719     0.000000     0.000000
     2    1  C     1s        0.023494     0.041932     0.000000     0.000000
     3    1  C     1s        0.050803     0.087316     0.000000     0.000000
     4    1  C     1s        0.106949     0.170914     0.000004     0.000068
     5    1  C     1s        0.279944     0.390552     0.000431     0.007240
     6    1  C     1s        0.443090     0.612159     0.000488     0.008212
     7    1  C     1s        0.450633     0.700555     0.000184     0.003100
     8    1  C     1py      -0.001242    -0.000852     0.000000     0.000000
     9    1  C     1pz      -0.020891    -0.014321     0.000000     0.000000
    10    1  C     1px       0.001878     0.001287     0.000000     0.000000
    11    1  C     1py      -0.005405    -0.003654     0.000003    -0.000005
    12    1  C     1pz      -0.090890    -0.061450    -0.000005    -0.000079
    13    1  C     1px       0.008170     0.005524     0.000000     0.000007
    14    1  C     1py      -0.015879    -0.010869     0.001273    -0.000714
    15    1  C     1pz      -0.267023    -0.182764    -0.000714    -0.010696
    16    1  C     1px       0.024002     0.016428     0.000064     0.001080
    17    1  C     1py      -0.031181    -0.023915     0.006770    -0.001529
    18    1  C     1pz      -0.524342    -0.402156    -0.001529    -0.018846
    19    1  C     1px       0.047132     0.036149     0.000137     0.002311
    20    1  C     1py      -0.036056    -0.035667     0.007003    -0.000651
    21    1  C     1pz      -0.606310    -0.599775    -0.000651    -0.003912
    22    1  C     1px       0.054500     0.053913     0.000059     0.000985
    23    1  C     1py      -0.024445    -0.032714     0.003685    -0.000140
    24    1  C     1pz      -0.411070    -0.550109    -0.000140     0.001343
    25    1  C     1px       0.036950     0.049448     0.000013     0.000211
    26    1  C     1d-2     -0.004374    -0.002068     0.001654    -0.000307
    27    1  C     1d-1      0.048657     0.023004    -0.018400     0.002307
    28    1  C     1d0       0.469646     0.222036     0.002598     0.011468
    29    1  C     1d+1     -0.073547    -0.034771    -0.000307    -0.003488
    30    1  C     1d+2      0.001859     0.000879     0.001114     0.000130
    31    1  C     1d-2     -0.001392    -0.000424     0.000193    -0.000140
    32    1  C     1d-1      0.015484     0.004717    -0.002145     0.001423
    33    1  C     1d0       0.149451     0.045529     0.000970     0.012438
    34    1  C     1d+1     -0.023404    -0.007130    -0.000140    -0.002151
    35    1  C     1d+2      0.000591     0.000180     0.000137     0.000059

    36    2  O     1s        0.048175     0.023376     0.000000     0.000000
    37    2  O     1s        0.119261     0.058422     0.000000     0.000000
    38    2  O     1s        0.241304     0.120946     0.000000     0.000000
    39    2  O     1s        0.443402     0.234242     0.000000     0.000000
    40    2  O     1s        0.837893     0.533533     0.000000     0.000000
    41    2  O     1s        1.000000     0.843719     0.000000     0.000000
    42    2  O     1s        0.843719     1.000000     0.000000     0.000000
    43    2  O     1py       0.000000     0.000000     1.000000     0.000000
    44    2  O     1pz       0.000000     0.000000     0.000000     1.000000
    45    2  O     1px       0.000000     0.000000     0.000000     0.000000
    46    2  O     1py       0.000000     0.000000     0.641541     0.000000
    47    2  O     1pz       0.000000     0.000000     0.000000     0.641541
    48    2  O     1px       0.000000     0.000000     0.000000     0.000000
    49    2  O     1py       0.000000     0.000000     0.272990     0.000000
    50    2  O     1pz       0.000000     0.000000     0.000000     0.272990
    51    2  O     1px       0.000000     0.000000     0.000000     0.000000
    52    2  O     1py       0.000000     0.000000     0.100532     0.000000
    53    2  O     1pz       0.000000     0.000000     0.000000     0.100532
    54    2  O     1px       0.000000     0.000000     0.000000     0.000000
    55    2  O     1py       0.000000     0.000000     0.034645     0.000000
    56    2  O     1pz       0.000000     0.000000     0.000000     0.034645
    57    2  O     1px       0.000000     0.000000     0.000000     0.000000
    58    2  O     1py       0.000000     0.000000     0.010975     0.000000
    59    2  O     1pz       0.000000     0.000000     0.000000     0.010975
    60    2  O     1px       0.000000     0.000000     0.000000     0.000000
    61    2  O     1d-2      0.000000     0.000000     0.000000     0.000000
    62    2  O     1d-1      0.000000     0.000000     0.000000     0.000000
    63    2  O     1d0       0.000000     0.000000     0.000000     0.000000
    64    2  O     1d+1      0.000000     0.000000     0.000000     0.000000
    65    2  O     1d+2      0.000000    -0.000000     0.000000     0.000000
    66    2  O     1d-2      0.000000     0.000000     0.000000     0.000000
    67    2  O     1d-1      0.000000     0.000000     0.000000     0.000000
    68    2  O     1d0       0.000000     0.000000     0.000000     0.000000
    69    2  O     1d+1      0.000000     0.000000     0.000000     0.000000
    70    2  O     1d+2      0.000000    -0.000000     0.000000     0.000000

                               45           46           47           48
     1    1  C     1s        0.000000     0.000000     0.000000     0.000000
     2    1  C     1s        0.000000     0.000000     0.000000    -0.000000
     3    1  C     1s       -0.000000     0.000000     0.000008    -0.000001
     4    1  C     1s       -0.000006     0.000073     0.001227    -0.000110
     5    1  C     1s       -0.000651     0.001996     0.033565    -0.003017
     6    1  C     1s       -0.000738     0.002126     0.035743    -0.003213
     7    1  C     1s       -0.000279     0.000816     0.013729    -0.001234
     8    1  C     1py       0.000000     0.000000    -0.000000     0.000000
     9    1  C     1pz       0.000000    -0.000000    -0.000002     0.000000
    10    1  C     1px       0.000000     0.000000     0.000000     0.000000
    11    1  C     1py       0.000000     0.000118    -0.000131     0.000012
    12    1  C     1pz       0.000007    -0.000131    -0.002078     0.000198
    13    1  C     1px       0.000003     0.000012     0.000198     0.000108
    14    1  C     1py       0.000064     0.007183    -0.003578     0.000322
    15    1  C     1pz       0.001080    -0.003578    -0.052770     0.005408
    16    1  C     1px       0.001218     0.000322     0.005408     0.006910
    17    1  C     1py       0.000137     0.029751    -0.006392     0.000575
    18    1  C     1pz       0.002311    -0.006392    -0.077360     0.009662
    19    1  C     1px       0.006653     0.000575     0.009662     0.029262
    20    1  C     1py       0.000059     0.030646    -0.002792     0.000251
    21    1  C     1pz       0.000985    -0.002792    -0.016136     0.004220
    22    1  C     1px       0.006954     0.000251     0.004220     0.030433
    23    1  C     1py       0.000013     0.016400    -0.000617     0.000055
    24    1  C     1pz       0.000211    -0.000617     0.006065     0.000932
    25    1  C     1px       0.003674     0.000055     0.000932     0.016353
    26    1  C     1d-2     -0.001079     0.006926    -0.001233    -0.004520
    27    1  C     1d-1     -0.000307    -0.077049     0.009089    -0.001233
    28    1  C     1d0      -0.003927     0.010549     0.042517    -0.015945
    29    1  C     1d+1     -0.018139    -0.001233    -0.013739    -0.076001
    30    1  C     1d+2      0.001660     0.004662     0.000524     0.006952
    31    1  C     1d-2     -0.000120     0.001178    -0.000735    -0.000742
    32    1  C     1d-1     -0.000140    -0.013103     0.007364    -0.000735
    33    1  C     1d0      -0.001466     0.005157     0.063184    -0.007795
    34    1  C     1d+1     -0.002026    -0.000735    -0.011130    -0.012479
    35    1  C     1d+2      0.000196     0.000827     0.000312     0.001193

    36    2  O     1s        0.000000     0.000000     0.000000     0.000000
    37    2  O     1s        0.000000     0.000000     0.000000     0.000000
    38    2  O     1s        0.000000     0.000000     0.000000     0.000000
    39    2  O     1s        0.000000     0.000000     0.000000     0.000000
    40    2  O     1s        0.000000     0.000000     0.000000     0.000000
    41    2  O     1s        0.000000     0.000000     0.000000     0.000000
    42    2  O     1s        0.000000     0.000000     0.000000     0.000000
    43    2  O     1py       0.000000     0.641541     0.000000     0.000000
    44    2  O     1pz       0.000000     0.000000     0.641541     0.000000
    45    2  O     1px       1.000000     0.000000     0.000000     0.641541
    46    2  O     1py       0.000000     1.000000     0.000000     0.000000
    47    2  O     1pz       0.000000     0.000000     1.000000     0.000000
    48    2  O     1px       0.641541     0.000000     0.000000     1.000000
    49    2  O     1py       0.000000     0.739446     0.000000     0.000000
    50    2  O     1pz       0.000000     0.000000     0.739446     0.000000
    51    2  O     1px       0.272990     0.000000     0.000000     0.739446
    52    2  O     1py       0.000000     0.361984     0.000000     0.000000
    53    2  O     1pz       0.000000     0.000000     0.361984     0.000000
    54    2  O     1px       0.100532     0.000000     0.000000     0.361984
    55    2  O     1py       0.000000     0.142362     0.000000     0.000000
    56    2  O     1pz       0.000000     0.000000     0.142362     0.000000
    57    2  O     1px       0.034645     0.000000     0.000000     0.142362
    58    2  O     1py       0.000000     0.047843     0.000000     0.000000
    59    2  O     1pz       0.000000     0.000000     0.047843     0.000000
    60    2  O     1px       0.010975     0.000000     0.000000     0.047843
    61    2  O     1d-2      0.000000     0.000000     0.000000     0.000000
    62    2  O     1d-1      0.000000     0.000000     0.000000     0.000000
    63    2  O     1d0       0.000000     0.000000     0.000000     0.000000
    64    2  O     1d+1      0.000000     0.000000     0.000000     0.000000
    65    2  O     1d+2      0.000000     0.000000     0.000000     0.000000
    66    2  O     1d-2      0.000000     0.000000     0.000000     0.000000
    67    2  O     1d-1      0.000000     0.000000     0.000000     0.000000
    68    2  O     1d0       0.000000     0.000000     0.000000     0.000000
    69    2  O     1d+1      0.000000     0.000000     0.000000     0.000000
    70    2  O     1d+2      0.000000     0.000000     0.000000     0.000000

                               49           50           51           52
     1    1  C     1s        0.000008     0.000134    -0.000012     0.000631
     2    1  C     1s        0.000033     0.000563    -0.000051     0.001655
     3    1  C     1s        0.000180     0.003028    -0.000272     0.003773
     4    1  C     1s        0.001200     0.020173    -0.001813     0.008408
     5    1  C     1s        0.006976     0.117308    -0.010545     0.018799
     6    1  C     1s        0.006734     0.113241    -0.010179     0.016972
     7    1  C     1s        0.002699     0.045392    -0.004080     0.007506
     8    1  C     1py       0.000179    -0.000175     0.000016     0.006118
     9    1  C     1pz      -0.000175    -0.002760     0.000265    -0.002581
    10    1  C     1px       0.000016     0.000265     0.000166     0.000232
    11    1  C     1py       0.003497    -0.002388     0.000215     0.031908
    12    1  C     1pz      -0.002388    -0.036522     0.003610    -0.011339
    13    1  C     1px       0.000215     0.003610     0.003315     0.001019
    14    1  C     1py       0.033438    -0.013014     0.001170     0.113892
    15    1  C     1pz      -0.013014    -0.184636     0.019672    -0.029062
    16    1  C     1px       0.001170     0.019672     0.032443     0.002612
    17    1  C     1py       0.095419    -0.018294     0.001644     0.238786
    18    1  C     1pz      -0.018294    -0.211124     0.027652    -0.036370
    19    1  C     1px       0.001644     0.027652     0.094022     0.003269
    20    1  C     1py       0.098435    -0.008531     0.000767     0.256514
    21    1  C     1pz      -0.008531    -0.044514     0.012895    -0.019903
    22    1  C     1px       0.000767     0.012895     0.097783     0.001789
    23    1  C     1py       0.054881    -0.002021     0.000182     0.156810
    24    1  C     1pz      -0.002021     0.021012     0.003055    -0.005502
    25    1  C     1px       0.000182     0.003055     0.054727     0.000495
    26    1  C     1d-2      0.019971    -0.003233    -0.013049     0.040812
    27    1  C     1d-1     -0.222174     0.022626    -0.003233    -0.454033
    28    1  C     1d0       0.028345     0.088128    -0.042845     0.050335
    29    1  C     1d+1     -0.003233    -0.034199    -0.219426    -0.005422
    30    1  C     1d+2      0.013421     0.001374     0.020039     0.027351
    31    1  C     1d-2      0.005470    -0.002526    -0.003491     0.014150
    32    1  C     1d-1     -0.060853     0.024388    -0.002526    -0.157419
    33    1  C     1d0       0.018279     0.199089    -0.027630     0.031204
    34    1  C     1d+1     -0.002526    -0.036863    -0.058705    -0.004026
    35    1  C     1d+2      0.003782     0.001074     0.005524     0.009621

    36    2  O     1s        0.000000     0.000000     0.000000     0.000000
    37    2  O     1s        0.000000     0.000000     0.000000     0.000000
    38    2  O     1s        0.000000     0.000000     0.000000     0.000000
    39    2  O     1s        0.000000     0.000000     0.000000     0.000000
    40    2  O     1s        0.000000     0.000000     0.000000     0.000000
    41    2  O     1s        0.000000     0.000000     0.000000     0.000000
    42    2  O     1s        0.000000     0.000000     0.000000     0.000000
    43    2  O     1py       0.272990     0.000000     0.000000     0.100532
    44    2  O     1pz       0.000000     0.272990     0.000000     0.000000
    45    2  O     1px       0.000000     0.000000     0.272990     0.000000
    46    2  O     1py       0.739446     0.000000     0.000000     0.361984
    47    2  O     1pz       0.000000     0.739446     0.000000     0.000000
    48    2  O     1px       0.000000     0.000000     0.739446     0.000000
    49    2  O     1py       1.000000     0.000000     0.000000     0.772395
    50    2  O     1pz       0.000000     1.000000     0.000000     0.000000
    51    2  O     1px       0.000000     0.000000     1.000000     0.000000
    52    2  O     1py       0.772395     0.000000     0.000000     1.000000
    53    2  O     1pz       0.000000     0.772395     0.000000     0.000000
    54    2  O     1px       0.000000     0.000000     0.772395     0.000000
    55    2  O     1py       0.396426     0.000000     0.000000     0.781145
    56    2  O     1pz       0.000000     0.396426     0.000000     0.000000
    57    2  O     1px       0.000000     0.000000     0.396426     0.000000
    58    2  O     1py       0.152352     0.000000     0.000000     0.390498
    59    2  O     1pz       0.000000     0.152352     0.000000     0.000000
    60    2  O     1px       0.000000     0.000000     0.152352     0.000000
    61    2  O     1d-2      0.000000     0.000000     0.000000     0.000000
    62    2  O     1d-1      0.000000     0.000000     0.000000     0.000000
    63    2  O     1d0       0.000000     0.000000     0.000000     0.000000
    64    2  O     1d+1      0.000000     0.000000     0.000000     0.000000
    65    2  O     1d+2      0.000000     0.000000     0.000000     0.000000
    66    2  O     1d-2      0.000000     0.000000     0.000000     0.000000
    67    2  O     1d-1      0.000000     0.000000     0.000000     0.000000
    68    2  O     1d0       0.000000     0.000000     0.000000     0.000000
    69    2  O     1d+1      0.000000     0.000000     0.000000     0.000000
    70    2  O     1d+2      0.000000     0.000000     0.000000     0.000000

                               53           54           55           56
     1    1  C     1s        0.010610    -0.000954     0.001907     0.032072
     2    1  C     1s        0.027832    -0.002502     0.004743     0.079755
     3    1  C     1s        0.063438    -0.005702     0.009665     0.162526
     4    1  C     1s        0.141396    -0.012710     0.017908     0.301137
     5    1  C     1s        0.316114    -0.028415     0.032274     0.542714
     6    1  C     1s        0.285403    -0.025654     0.031716     0.533334
     7    1  C     1s        0.126228    -0.011346     0.017239     0.289891
     8    1  C     1py      -0.002581     0.000232     0.016931    -0.002993
     9    1  C     1pz      -0.037124     0.003901    -0.002993    -0.033228
    10    1  C     1px       0.003901     0.005921     0.000269     0.004525
    11    1  C     1py      -0.011339     0.001019     0.072011    -0.011806
    12    1  C     1pz      -0.158092     0.017139    -0.011806    -0.125817
    13    1  C     1px       0.017139     0.031042     0.001061     0.017845
    14    1  C     1py      -0.029062     0.002612     0.207200    -0.028760
    15    1  C     1pz      -0.373078     0.043928    -0.028760    -0.274718
    16    1  C     1px       0.043928     0.111671     0.002585     0.043472
    17    1  C     1py      -0.036370     0.003269     0.414475    -0.042075
    18    1  C     1pz      -0.370639     0.054974    -0.042075    -0.290544
    19    1  C     1px       0.054974     0.236007     0.003782     0.063598
    20    1  C     1py      -0.019903     0.001789     0.515639    -0.031882
    21    1  C     1pz      -0.076991     0.030084    -0.031882    -0.018582
    22    1  C     1px       0.030084     0.254994     0.002866     0.048190
    23    1  C     1py      -0.005502     0.000495     0.381246    -0.011994
    24    1  C     1pz       0.064620     0.008316    -0.011994     0.180274
    25    1  C     1px       0.008316     0.156390     0.001078     0.018129
    26    1  C     1d-2     -0.005422    -0.026726     0.050426    -0.004664
    27    1  C     1d-1      0.033106    -0.005422    -0.560986     0.018338
    28    1  C     1d0       0.053801    -0.076083     0.049147    -0.150551
    29    1  C     1d+1     -0.050040    -0.449424    -0.004664    -0.027719
    30    1  C     1d+2      0.002304     0.040927     0.033662     0.001982
    31    1  C     1d-2     -0.004026    -0.009158     0.014091    -0.002072
    32    1  C     1d-1      0.035268    -0.004026    -0.156762     0.013649
    33    1  C     1d0       0.247454    -0.047166     0.018661     0.039912
    34    1  C     1d+1     -0.053309    -0.153997    -0.002072    -0.020631
    35    1  C     1d+2      0.001711     0.014236     0.009456     0.000881

    36    2  O     1s        0.000000     0.000000     0.000000     0.000000
    37    2  O     1s        0.000000     0.000000     0.000000     0.000000
    38    2  O     1s        0.000000     0.000000     0.000000     0.000000
    39    2  O     1s        0.000000     0.000000     0.000000     0.000000
    40    2  O     1s        0.000000     0.000000     0.000000     0.000000
    41    2  O     1s        0.000000     0.000000     0.000000     0.000000
    42    2  O     1s        0.000000     0.000000     0.000000     0.000000
    43    2  O     1py       0.000000     0.000000     0.034645     0.000000
    44    2  O     1pz       0.100532     0.000000     0.000000     0.034645
    45    2  O     1px       0.000000     0.100532     0.000000     0.000000
    46    2  O     1py       0.000000     0.000000     0.142362     0.000000
    47    2  O     1pz       0.361984     0.000000     0.000000     0.142362
    48    2  O     1px       0.000000     0.361984     0.000000     0.000000
    49    2  O     1py       0.000000     0.000000     0.396426     0.000000
    50    2  O     1pz       0.772395     0.000000     0.000000     0.396426
    51    2  O     1px       0.000000     0.772395     0.000000     0.000000
    52    2  O     1py       0.000000     0.000000     0.781145     0.000000
    53    2  O     1pz       1.000000     0.000000     0.000000     0.781145
    54    2  O     1px       0.000000     1.000000     0.000000     0.000000
    55    2  O     1py       0.000000     0.000000     1.000000     0.000000
    56    2  O     1pz       0.781145     0.000000     0.000000     1.000000
    57    2  O     1px       0.000000     0.781145     0.000000     0.000000
    58    2  O     1py       0.000000     0.000000     0.765439     0.000000
    59    2  O     1pz       0.390498     0.000000     0.000000     0.765439
    60    2  O     1px       0.000000     0.390498     0.000000     0.000000
    61    2  O     1d-2      0.000000     0.000000     0.000000     0.000000
    62    2  O     1d-1      0.000000     0.000000     0.000000     0.000000
    63    2  O     1d0       0.000000     0.000000     0.000000     0.000000
    64    2  O     1d+1      0.000000     0.000000     0.000000     0.000000
    65    2  O     1d+2      0.000000     0.000000     0.000000     0.000000
    66    2  O     1d-2      0.000000     0.000000     0.000000     0.000000
    67    2  O     1d-1      0.000000     0.000000     0.000000     0.000000
    68    2  O     1d0       0.000000     0.000000     0.000000     0.000000
    69    2  O     1d+1      0.000000     0.000000     0.000000     0.000000
    70    2  O     1d+2      0.000000     0.000000     0.000000     0.000000

                               57           58           59           60
     1    1  C     1s       -0.002883     0.001506     0.025332    -0.002277
     2    1  C     1s       -0.007169     0.003758     0.063199    -0.005681
     3    1  C     1s       -0.014609     0.007725     0.129903    -0.011677
     4    1  C     1s       -0.027069     0.014661     0.246535    -0.022161
     5    1  C     1s       -0.048783     0.029779     0.500762    -0.045012
     6    1  C     1s       -0.047940     0.037560     0.631611    -0.056774
     7    1  C     1s       -0.026058     0.029200     0.491023    -0.044137
     8    1  C     1py       0.000269     0.013548    -0.000948     0.000085
     9    1  C     1pz       0.004525    -0.000948    -0.002337     0.001433
    10    1  C     1px       0.016702     0.000085     0.001433     0.013475
    11    1  C     1py       0.001061     0.058827    -0.003993     0.000359
    12    1  C     1pz       0.017845    -0.003993    -0.008073     0.006035
    13    1  C     1px       0.071109     0.000359     0.006035     0.058522
    14    1  C     1py       0.002585     0.179935    -0.011360     0.001021
    15    1  C     1pz       0.043472    -0.011360    -0.010419     0.017171
    16    1  C     1px       0.205003     0.001021     0.017171     0.179067
    17    1  C     1py       0.003782     0.419747    -0.022706     0.002041
    18    1  C     1pz       0.063598    -0.022706     0.039268     0.034322
    19    1  C     1px       0.411261     0.002041     0.034322     0.418012
    20    1  C     1py       0.002866     0.691656    -0.027880     0.002506
    21    1  C     1pz       0.048190    -0.027880     0.224489     0.042142
    22    1  C     1px       0.513203     0.002506     0.042142     0.689526
    23    1  C     1py       0.001078     0.718971    -0.017787     0.001599
    24    1  C     1pz       0.018129    -0.017787     0.420930     0.026885
    25    1  C     1px       0.380330     0.001599     0.026885     0.717612
    26    1  C     1d-2     -0.033125     0.029965    -0.001541    -0.019746
    27    1  C     1d-1     -0.004664    -0.333361    -0.002743    -0.001541
    28    1  C     1d0      -0.074288     0.021320    -0.220654    -0.032226
    29    1  C     1d+1     -0.557022    -0.001541     0.004146    -0.332051
    30    1  C     1d+2      0.050525     0.019924     0.000655     0.029998
    31    1  C     1d-2     -0.009218     0.005293    -0.000343    -0.003484
    32    1  C     1d-1     -0.002072    -0.058880     0.000300    -0.000343
    33    1  C     1d0      -0.028207     0.004219    -0.031430    -0.006377
    34    1  C     1d+1     -0.155001    -0.000343    -0.000453    -0.058588
    35    1  C     1d+2      0.014135     0.003524     0.000146     0.005300

    36    2  O     1s        0.000000     0.000000     0.000000     0.000000
    37    2  O     1s        0.000000     0.000000     0.000000     0.000000
    38    2  O     1s        0.000000     0.000000     0.000000     0.000000
    39    2  O     1s        0.000000     0.000000     0.000000     0.000000
    40    2  O     1s        0.000000     0.000000     0.000000     0.000000
    41    2  O     1s        0.000000     0.000000     0.000000     0.000000
    42    2  O     1s        0.000000     0.000000     0.000000     0.000000
    43    2  O     1py       0.000000     0.010975     0.000000     0.000000
    44    2  O     1pz       0.000000     0.000000     0.010975     0.000000
    45    2  O     1px       0.034645     0.000000     0.000000     0.010975
    46    2  O     1py       0.000000     0.047843     0.000000     0.000000
    47    2  O     1pz       0.000000     0.000000     0.047843     0.000000
    48    2  O     1px       0.142362     0.000000     0.000000     0.047843
    49    2  O     1py       0.000000     0.152352     0.000000     0.000000
    50    2  O     1pz       0.000000     0.000000     0.152352     0.000000
    51    2  O     1px       0.396426     0.000000     0.000000     0.152352
    52    2  O     1py       0.000000     0.390498     0.000000     0.000000
    53    2  O     1pz       0.000000     0.000000     0.390498     0.000000
    54    2  O     1px       0.781145     0.000000     0.000000     0.390498
    55    2  O     1py       0.000000     0.765439     0.000000     0.000000
    56    2  O     1pz       0.000000     0.000000     0.765439     0.000000
    57    2  O     1px       1.000000     0.000000     0.000000     0.765439
    58    2  O     1py       0.000000     1.000000     0.000000     0.000000
    59    2  O     1pz       0.000000     0.000000     1.000000     0.000000
    60    2  O     1px       0.765439     0.000000     0.000000     1.000000
    61    2  O     1d-2      0.000000     0.000000     0.000000     0.000000
    62    2  O     1d-1      0.000000     0.000000     0.000000     0.000000
    63    2  O     1d0       0.000000     0.000000     0.000000     0.000000
    64    2  O     1d+1      0.000000     0.000000     0.000000     0.000000
    65    2  O     1d+2      0.000000     0.000000     0.000000     0.000000
    66    2  O     1d-2      0.000000     0.000000     0.000000     0.000000
    67    2  O     1d-1      0.000000     0.000000     0.000000     0.000000
    68    2  O     1d0       0.000000     0.000000     0.000000     0.000000
    69    2  O     1d+1      0.000000     0.000000     0.000000     0.000000
    70    2  O     1d+2      0.000000     0.000000     0.000000     0.000000

                               61           62           63           64
     1    1  C     1s       -0.000423     0.004704     0.045400    -0.007110
     2    1  C     1s       -0.001037     0.011533     0.111317    -0.017432
     3    1  C     1s       -0.002041     0.022708     0.219185    -0.034324
     4    1  C     1s       -0.003490     0.038827     0.374769    -0.058689
     5    1  C     1s       -0.004716     0.052461     0.506368    -0.079297
     6    1  C     1s       -0.002913     0.032404     0.312773    -0.048980
     7    1  C     1s       -0.000809     0.009000     0.086873    -0.013604
     8    1  C     1py      -0.003647     0.040575    -0.005655     0.000665
     9    1  C     1pz       0.000665    -0.004960    -0.024060     0.007498
    10    1  C     1px       0.002379     0.000665     0.008548     0.040010
    11    1  C     1py      -0.014377     0.159948    -0.021036     0.002426
    12    1  C     1pz       0.002426    -0.017379    -0.073929     0.026269
    13    1  C     1px       0.009389     0.002426     0.031798     0.157886
    14    1  C     1py      -0.034939     0.388696    -0.045186     0.004969
    15    1  C     1pz       0.004969    -0.031965    -0.080905     0.048316
    16    1  C     1px       0.022864     0.004969     0.068300     0.384473
    17    1  C     1py      -0.050753     0.564630    -0.052991     0.005244
    18    1  C     1pz       0.005244    -0.024554     0.092892     0.037115
    19    1  C     1px       0.033312     0.005244     0.080098     0.560172
    20    1  C     1py      -0.037997     0.422712    -0.029731     0.002375
    21    1  C     1pz       0.002375    -0.001186     0.234932     0.001793
    22    1  C     1px       0.025018     0.002375     0.044939     0.420694
    23    1  C     1py      -0.014119     0.157069    -0.008255     0.000447
    24    1  C     1pz       0.000447     0.004390     0.133754    -0.006635
    25    1  C     1px       0.009318     0.000447     0.012477     0.156690
    26    1  C     1d-2      0.443398     0.063444    -0.007803    -0.041672
    27    1  C     1d-1      0.063444    -0.256712     0.013707    -0.002169
    28    1  C     1d0      -0.007803     0.013707    -0.129966    -0.020719
    29    1  C     1d+1     -0.041672    -0.002169    -0.020719    -0.254869
    30    1  C     1d+2     -0.000014     0.042358     0.003316     0.063571
    31    1  C     1d-2      0.124636     0.028756    -0.004483    -0.018805
    32    1  C     1d-1      0.028756    -0.192686     0.016623    -0.002613
    33    1  C     1d0      -0.004483     0.016623    -0.035841    -0.025126
    34    1  C     1d+1     -0.018805    -0.002613    -0.025126    -0.190465
    35    1  C     1d+2     -0.000010     0.019304     0.001905     0.028848

    36    2  O     1s        0.000000     0.000000    -0.000000     0.000000
    37    2  O     1s        0.000000     0.000000    -0.000000     0.000000
    38    2  O     1s        0.000000     0.000000     0.000000     0.000000
    39    2  O     1s        0.000000     0.000000     0.000000     0.000000
    40    2  O     1s        0.000000     0.000000    -0.000000     0.000000
    41    2  O     1s        0.000000     0.000000     0.000000     0.000000
    42    2  O     1s        0.000000     0.000000     0.000000     0.000000
    43    2  O     1py       0.000000     0.000000     0.000000     0.000000
    44    2  O     1pz       0.000000     0.000000     0.000000     0.000000
    45    2  O     1px       0.000000     0.000000     0.000000     0.000000
    46    2  O     1py       0.000000     0.000000     0.000000     0.000000
    47    2  O     1pz       0.000000     0.000000     0.000000     0.000000
    48    2  O     1px       0.000000     0.000000     0.000000     0.000000
    49    2  O     1py       0.000000     0.000000     0.000000     0.000000
    50    2  O     1pz       0.000000     0.000000     0.000000     0.000000
    51    2  O     1px       0.000000     0.000000     0.000000     0.000000
    52    2  O     1py       0.000000     0.000000     0.000000     0.000000
    53    2  O     1pz       0.000000     0.000000     0.000000     0.000000
    54    2  O     1px       0.000000     0.000000     0.000000     0.000000
    55    2  O     1py       0.000000     0.000000     0.000000     0.000000
    56    2  O     1pz       0.000000     0.000000     0.000000     0.000000
    57    2  O     1px       0.000000     0.000000     0.000000     0.000000
    58    2  O     1py       0.000000     0.000000     0.000000     0.000000
    59    2  O     1pz       0.000000     0.000000     0.000000     0.000000
    60    2  O     1px       0.000000     0.000000     0.000000     0.000000
    61    2  O     1d-2      1.000000     0.000000     0.000000     0.000000
    62    2  O     1d-1      0.000000     1.000000     0.000000     0.000000
    63    2  O     1d0       0.000000     0.000000     1.000000     0.000000
    64    2  O     1d+1      0.000000     0.000000     0.000000     1.000000
    65    2  O     1d+2      0.000000     0.000000     0.000000     0.000000
    66    2  O     1d-2      0.457947     0.000000     0.000000     0.000000
    67    2  O     1d-1      0.000000     0.457947     0.000000     0.000000
    68    2  O     1d0       0.000000     0.000000     0.457947     0.000000
    69    2  O     1d+1      0.000000     0.000000     0.000000     0.457947
    70    2  O     1d+2      0.000000     0.000000    -0.000000     0.000000

                               65           66           67           68
     1    1  C     1s        0.000180    -0.000044     0.000492     0.004750
     2    1  C     1s        0.000441    -0.000128     0.001426     0.013766
     3    1  C     1s        0.000867    -0.000348     0.003870     0.037350
     4    1  C     1s        0.001483    -0.000922     0.010253     0.098968
     5    1  C     1s        0.002004    -0.001623     0.018053     0.174248
     6    1  C     1s        0.001238    -0.000703     0.007819     0.075471
     7    1  C     1s        0.000344    -0.000123     0.001373     0.013255
     8    1  C     1py      -0.002456    -0.000507     0.005641    -0.002401
     9    1  C     1pz      -0.000283     0.000344    -0.003483    -0.030214
    10    1  C     1px      -0.003661     0.000318     0.000344     0.003630
    11    1  C     1py      -0.009668    -0.003368     0.037464    -0.012557
    12    1  C     1pz      -0.001031     0.001759    -0.017269    -0.144256
    13    1  C     1px      -0.014429     0.002139     0.001759     0.018981
    14    1  C     1py      -0.023436    -0.011863     0.131980    -0.029709
    15    1  C     1pz      -0.002112     0.003929    -0.035704    -0.266475
    16    1  C     1px      -0.035045     0.007650     0.003929     0.044906
    17    1  C     1py      -0.033916    -0.015539     0.172872    -0.023510
    18    1  C     1pz      -0.002229     0.002742    -0.020121    -0.092773
    19    1  C     1px      -0.050865     0.010142     0.002742     0.035536
    20    1  C     1py      -0.025291    -0.007690     0.085554    -0.007048
    21    1  C     1pz      -0.001009     0.000641    -0.002023     0.030399
    22    1  C     1px      -0.038047     0.005055     0.000641     0.010654
    23    1  C     1py      -0.009369    -0.001928     0.021446    -0.001184
    24    1  C     1pz      -0.000190     0.000070     0.000501     0.017317
    25    1  C     1px      -0.014128     0.001272     0.000070     0.001789
    26    1  C     1d-2     -0.000014     0.124636     0.028756    -0.004483
    27    1  C     1d-1      0.042358     0.028756    -0.192686     0.016623
    28    1  C     1d0       0.003316    -0.004483     0.016623    -0.035841
    29    1  C     1d+1      0.063571    -0.018805    -0.002613    -0.025126
    30    1  C     1d+2      0.443372    -0.000010     0.019304     0.001905
    31    1  C     1d-2     -0.000010     0.038606     0.022983    -0.006658
    32    1  C     1d-1      0.019304     0.022983    -0.215009     0.047134
    33    1  C     1d0       0.001905    -0.006658     0.047134     0.233536
    34    1  C     1d+1      0.028848    -0.014761    -0.007389    -0.071246
    35    1  C     1d+2      0.124617    -0.000020     0.015773     0.002829

    36    2  O     1s       -0.000000     0.000000     0.000000     0.000000
    37    2  O     1s       -0.000000     0.000000     0.000000     0.000000
    38    2  O     1s       -0.000000     0.000000     0.000000     0.000000
    39    2  O     1s        0.000000     0.000000     0.000000     0.000000
    40    2  O     1s        0.000000     0.000000     0.000000    -0.000000
    41    2  O     1s        0.000000     0.000000     0.000000     0.000000
    42    2  O     1s       -0.000000     0.000000     0.000000     0.000000
    43    2  O     1py       0.000000     0.000000     0.000000     0.000000
    44    2  O     1pz       0.000000     0.000000     0.000000     0.000000
    45    2  O     1px       0.000000     0.000000     0.000000     0.000000
    46    2  O     1py       0.000000     0.000000     0.000000     0.000000
    47    2  O     1pz       0.000000     0.000000     0.000000     0.000000
    48    2  O     1px       0.000000     0.000000     0.000000     0.000000
    49    2  O     1py       0.000000     0.000000     0.000000     0.000000
    50    2  O     1pz       0.000000     0.000000     0.000000     0.000000
    51    2  O     1px       0.000000     0.000000     0.000000     0.000000
    52    2  O     1py       0.000000     0.000000     0.000000     0.000000
    53    2  O     1pz       0.000000     0.000000     0.000000     0.000000
    54    2  O     1px       0.000000     0.000000     0.000000     0.000000
    55    2  O     1py       0.000000     0.000000     0.000000     0.000000
    56    2  O     1pz       0.000000     0.000000     0.000000     0.000000
    57    2  O     1px       0.000000     0.000000     0.000000     0.000000
    58    2  O     1py       0.000000     0.000000     0.000000     0.000000
    59    2  O     1pz       0.000000     0.000000     0.000000     0.000000
    60    2  O     1px       0.000000     0.000000     0.000000     0.000000
    61    2  O     1d-2      0.000000     0.457947     0.000000     0.000000
    62    2  O     1d-1      0.000000     0.000000     0.457947     0.000000
    63    2  O     1d0       0.000000     0.000000     0.000000     0.457947
    64    2  O     1d+1      0.000000     0.000000     0.000000     0.000000
    65    2  O     1d+2      1.000000     0.000000     0.000000    -0.000000
    66    2  O     1d-2      0.000000     1.000000     0.000000     0.000000
    67    2  O     1d-1      0.000000     0.000000     1.000000     0.000000
    68    2  O     1d0      -0.000000     0.000000     0.000000     1.000000
    69    2  O     1d+1      0.000000     0.000000     0.000000     0.000000
    70    2  O     1d+2      0.457947     0.000000     0.000000     0.000000

                               69           70
     1    1  C     1s       -0.000744     0.000019
     2    1  C     1s       -0.002156     0.000054
     3    1  C     1s       -0.005849     0.000148
     4    1  C     1s       -0.015498     0.000392
     5    1  C     1s       -0.027287     0.000690
     6    1  C     1s       -0.011819     0.000299
     7    1  C     1s       -0.002076     0.000052
     8    1  C     1py       0.000344    -0.000358
     9    1  C     1pz       0.005265    -0.000146
    10    1  C     1px       0.005348    -0.000514
    11    1  C     1py       0.001759    -0.002342
    12    1  C     1pz       0.026103    -0.000747
    13    1  C     1px       0.035969    -0.003405
    14    1  C     1py       0.003929    -0.008102
    15    1  C     1pz       0.053968    -0.001670
    16    1  C     1px       0.128641    -0.011947
    17    1  C     1py       0.002742    -0.010457
    18    1  C     1pz       0.030414    -0.001165
    19    1  C     1px       0.170541    -0.015597
    20    1  C     1py       0.000641    -0.005129
    21    1  C     1pz       0.003058    -0.000273
    22    1  C     1px       0.085009    -0.007704
    23    1  C     1py       0.000070    -0.001280
    24    1  C     1pz      -0.000757    -0.000030
    25    1  C     1px       0.021386    -0.001929
    26    1  C     1d-2     -0.018805    -0.000010
    27    1  C     1d-1     -0.002613     0.019304
    28    1  C     1d0      -0.025126     0.001905
    29    1  C     1d+1     -0.190465     0.028848
    30    1  C     1d+2      0.028848     0.124617
    31    1  C     1d-2     -0.014761    -0.000020
    32    1  C     1d-1     -0.007389     0.015773
    33    1  C     1d0      -0.071246     0.002829
    34    1  C     1d+1     -0.208729     0.023170
    35    1  C     1d+2      0.023170     0.038567

    36    2  O     1s        0.000000    -0.000000
    37    2  O     1s        0.000000    -0.000000
    38    2  O     1s        0.000000    -0.000000
    39    2  O     1s        0.000000    -0.000000
    40    2  O     1s        0.000000    -0.000000
    41    2  O     1s        0.000000     0.000000
    42    2  O     1s        0.000000    -0.000000
    43    2  O     1py       0.000000     0.000000
    44    2  O     1pz       0.000000     0.000000
    45    2  O     1px       0.000000     0.000000
    46    2  O     1py       0.000000     0.000000
    47    2  O     1pz       0.000000     0.000000
    48    2  O     1px       0.000000     0.000000
    49    2  O     1py       0.000000     0.000000
    50    2  O     1pz       0.000000     0.000000
    51    2  O     1px       0.000000     0.000000
    52    2  O     1py       0.000000     0.000000
    53    2  O     1pz       0.000000     0.000000
    54    2  O     1px       0.000000     0.000000
    55    2  O     1py       0.000000     0.000000
    56    2  O     1pz       0.000000     0.000000
    57    2  O     1px       0.000000     0.000000
    58    2  O     1py       0.000000     0.000000
    59    2  O     1pz       0.000000     0.000000
    60    2  O     1px       0.000000     0.000000
    61    2  O     1d-2      0.000000     0.000000
    62    2  O     1d-1      0.000000     0.000000
    63    2  O     1d0       0.000000    -0.000000
    64    2  O     1d+1      0.457947     0.000000
    65    2  O     1d+2      0.000000     0.457947
    66    2  O     1d-2      0.000000     0.000000
    67    2  O     1d-1      0.000000     0.000000
    68    2  O     1d0       0.000000     0.000000
    69    2  O     1d+1      1.000000     0.000000
    70    2  O     1d+2      0.000000     1.000000


